=== Predictions on test data ===

 inst#     actual  predicted error distribution
     1 5:endothel 6:endothel   +   0,0,0,0,0,*1,0,0,0,0,0,0 
     2 5:endothel 5:endothel       0,0,0,0,*1,0,0,0,0,0,0,0 
     3 4:endothel 4:endothel       0,0,0,*1,0,0,0,0,0,0,0,0 
     4 6:endothel 4:endothel   +   0,0,0,*1,0,0,0,0,0,0,0,0 
     5 5:endothel 5:endothel       0,0,0,0,*1,0,0,0,0,0,0,0 
     6 5:endothel 6:endothel   +   0,0,0,0,0,*1,0,0,0,0,0,0 
     7 4:endothel 4:endothel       0,0,0,*1,0,0,0,0,0,0,0,0 
     8 6:endothel 6:endothel       0,0,0,0,0,*1,0,0,0,0,0,0 
     9 2:colon24h 2:colon24h       0,*0.5,0,0,0,0,0,0,0,0,0.5,0 
    10 1:colon4hr 3:colon24h   +   0,0,*1,0,0,0,0,0,0,0,0,0 
    11 1:colon4hr 3:colon24h   +   0,0,*1,0,0,0,0,0,0,0,0,0 
    12 3:colon24h 2:colon24h   +   0,*1,0,0,0,0,0,0,0,0,0,0 
    13 3:colon24h 3:colon24h       0,0,*1,0,0,0,0,0,0,0,0,0 
    14 11:pancrea 1:colon4hr   +   *0.75,0,0,0,0,0,0,0,0,0,0.25,0 
    15 11:pancrea 12:pancrea   +   0,0,0,0,0,0,0,0,0,0,0,*1 
    16 10:pancrea 1:colon4hr   +   *0.5,0,0,0,0,0,0,0,0,0.5,0,0 
    17 12:pancrea 12:pancrea       0,0,0,0,0,0,0,0,0,0,0,*1 
    18 2:colon24h 1:colon4hr   +   *0.75,0,0,0,0,0,0,0,0,0,0.25,0 
    19 1:colon4hr 1:colon4hr       *0.5,0,0,0,0,0,0,0,0,0.5,0,0 
    20 1:colon4hr 1:colon4hr       *0.75,0,0,0,0,0,0,0,0,0,0.25,0 
    21 3:colon24h 1:colon4hr   +   *0.75,0,0,0,0,0,0,0,0,0,0.25,0 
    22 3:colon24h 1:colon4hr   +   *0.75,0,0,0,0,0,0,0,0,0,0.25,0 
    23 11:pancrea 1:colon4hr   +   *0.75,0,0,0,0,0,0,0,0,0,0.25,0 
    24 11:pancrea 12:pancrea   +   0,0,0,0,0,0,0,0,0,0,0,*1 
    25 10:pancrea 12:pancrea   +   0,0,0,0,0,0,0,0,0,0,0,*1 
    26 12:pancrea 11:pancrea   +   0,0,0,0,0,0,0,0,0.333,0,*0.667,0 
    27 8:lung24hr 8:lung24hr       0,0,0,0,0,0,0,*1,0,0,0,0 
    28 7:lung4hrI 7:lung4hrI       0,0,0,0,0,0,*0.333,0,0,0.333,0,0.333 
    29 7:lung4hrI 7:lung4hrI       0,0,0,0,0,0,*0.333,0,0,0.333,0,0.333 
    30 9:lung24hr 7:lung4hrI   +   0,0,0,0,0,0,*0.333,0,0,0.333,0,0.333 
    31 9:lung24hr 7:lung4hrI   +   0,0,0,0,0,0,*0.333,0,0,0.333,0,0.333 
    32 2:colon24h 2:colon24h       0,*0.5,0,0,0,0,0,0,0,0.5,0,0 
    33 2:colon24h 2:colon24h       0,*1,0,0,0,0,0,0,0,0,0,0 
    34 1:colon4hr 2:colon24h   +   0,*0.5,0,0,0,0,0,0,0,0,0.5,0 
    35 3:colon24h 2:colon24h   +   0,*0.5,0,0,0,0,0,0,0,0.5,0,0 
    36 11:pancrea 7:lung4hrI   +   0,0,0,0,0,0,*0.333,0,0,0.333,0,0.333 
    37 10:pancrea 7:lung4hrI   +   0,0,0,0,0,0,*0.333,0,0,0.333,0,0.333 
    38 10:pancrea 7:lung4hrI   +   0,0,0,0,0,0,*0.333,0,0,0.333,0,0.333 
    39 12:pancrea 8:lung24hr   +   0,0,0,0,0,0,0,*1,0,0,0,0 
    40 12:pancrea 7:lung4hrI   +   0,0,0,0,0,0,*0.333,0,0,0.333,0,0.333 
    41 5:endothel 5:endothel       0,0,0,0,*1,0,0,0,0,0,0,0 
    42 4:endothel 4:endothel       0,0,0,*0.5,0,0.5,0,0,0,0,0,0 
    43 4:endothel 4:endothel       0,0,0,*0.5,0,0.5,0,0,0,0,0,0 
    44 6:endothel 5:endothel   +   0,0,0,0,*1,0,0,0,0,0,0,0 
    45 6:endothel 4:endothel   +   0,0,0,*0.5,0,0.5,0,0,0,0,0,0