=== Predictions on test data ===

 inst#     actual  predicted error distribution
     1 5:endothel 5:endothel       0,0,0,0.286,*0.571,0.143,0,0,0,0,0,0 
     2 4:endothel 4:endothel       0,0,0,*0.667,0,0.333,0,0,0,0,0,0 
     3 4:endothel 4:endothel       0,0,0,*0.667,0,0.333,0,0,0,0,0,0 
     4 6:endothel 5:endothel   +   0,0,0,0.286,*0.571,0.143,0,0,0,0,0,0 
     5 6:endothel 5:endothel   +   0,0,0,0.286,*0.571,0.143,0,0,0,0,0,0 
     6 5:endothel 5:endothel       0,0,0,0.286,*0.571,0.143,0,0,0,0,0,0 
     7 4:endothel 4:endothel       0,0,0,*0.667,0,0.333,0,0,0,0,0,0 
     8 4:endothel 4:endothel       0,0,0,*0.667,0,0.333,0,0,0,0,0,0 
     9 6:endothel 5:endothel   +   0,0,0,0.286,*0.571,0.143,0,0,0,0,0,0 
    10 6:endothel 5:endothel   +   0,0,0,0.286,*0.571,0.143,0,0,0,0,0,0 
    11 2:colon24h 8:lung24hr   +   0,0,0,0,0,0,0,*0.5,0,0,0,0.5 
    12 2:colon24h 1:colon4hr   +   *0.571,0,0.143,0,0,0,0,0,0,0,0.143,0.143 
    13 1:colon4hr 2:colon24h   +   0,*0.5,0,0,0,0,0,0,0,0.25,0.25,0 
    14 3:colon24h 2:colon24h   +   0,*0.667,0.333,0,0,0,0,0,0,0,0,0 
    15 11:pancrea 2:colon24h   +   0,*0.5,0,0,0,0,0,0,0,0.25,0.25,0 
    16 10:pancrea 8:lung24hr   +   0,0,0,0,0,0,0,*0.5,0,0,0,0.5 
    17 10:pancrea 2:colon24h   +   0,*0.5,0,0,0,0,0,0,0,0.25,0.25,0 
    18 12:pancrea 1:colon4hr   +   *0.571,0,0.143,0,0,0,0,0,0,0,0.143,0.143 
    19 12:pancrea 2:colon24h   +   0,*0.5,0,0,0,0,0,0,0,0.25,0.25,0 
    20 2:colon24h 8:lung24hr   +   0,0,0,0,0,0,0,*0.5,0,0,0,0.5 
    21 2:colon24h 8:lung24hr   +   0,0,0,0,0,0,0,*0.5,0,0,0,0.5 
    22 1:colon4hr 8:lung24hr   +   0,0,0,0,0,0,0,*0.5,0,0,0,0.5 
    23 3:colon24h 2:colon24h   +   0,*0.667,0.333,0,0,0,0,0,0,0,0,0 
    24 11:pancrea 1:colon4hr   +   *0.571,0,0.143,0,0,0,0,0,0,0,0.143,0.143 
    25 10:pancrea 2:colon24h   +   0,*0.5,0,0,0,0,0,0,0,0.25,0.25,0 
    26 10:pancrea 11:pancrea   +   0,0,0.333,0,0,0,0,0,0,0,*0.667,0 
    27 12:pancrea 2:colon24h   +   0,*0.5,0,0,0,0,0,0,0,0.25,0.25,0 
    28 12:pancrea 2:colon24h   +   0,*0.5,0,0,0,0,0,0,0,0.25,0.25,0 
    29 8:lung24hr 8:lung24hr       0,0,0,0,0,0,0,*0.5,0,0,0,0.5 
    30 8:lung24hr 10:pancrea   +   0,0,0,0,0,0,0,0,0,*1,0,0 
    31 7:lung4hrI 7:lung4hrI       0,0,0,0,0,0,*0.5,0,0.5,0,0,0 
    32 9:lung24hr 7:lung4hrI   +   0,0,0,0,0,0,*0.5,0,0.5,0,0,0 
    33 2:colon24h 1:colon4hr   +   *0.571,0,0.143,0,0,0,0,0,0,0,0.143,0.143 
    34 1:colon4hr 1:colon4hr       *0.571,0,0.143,0,0,0,0,0,0,0,0.143,0.143 
    35 1:colon4hr 11:pancrea   +   0,0,0.333,0,0,0,0,0,0,0,*0.667,0 
    36 3:colon24h 2:colon24h   +   0,*0.667,0.333,0,0,0,0,0,0,0,0,0 
    37 3:colon24h 3:colon24h       0,0,*1,0,0,0,0,0,0,0,0,0 
    38 11:pancrea 12:pancrea   +   0,0,0,0,0,0,0,0,0,0,0.333,*0.667 
    39 11:pancrea 4:endothel   +   0,0,0,*0.667,0,0.333,0,0,0,0,0,0 
    40 10:pancrea 12:pancrea   +   0,0,0,0,0,0,0,0,0,0,0.333,*0.667 
    41 12:pancrea 4:endothel   +   0,0,0,*0.667,0,0.333,0,0,0,0,0,0 
    42 5:endothel 5:endothel       0,0,0,0.286,*0.571,0.143,0,0,0,0,0,0 
    43 5:endothel 5:endothel       0,0,0,0.286,*0.571,0.143,0,0,0,0,0,0 
    44 4:endothel 5:endothel   +   0,0,0,0.286,*0.571,0.143,0,0,0,0,0,0 
    45 6:endothel 5:endothel   +   0,0,0,0.286,*0.571,0.143,0,0,0,0,0,0