=== Predictions on test data ===

 inst#     actual  predicted error distribution
     1 5:endothel 6:endothel   +   0,0,0,0,0.333,*0.667,0,0,0,0,0,0 
     2 5:endothel 5:endothel       0,0,0,0.25,*0.5,0.25,0,0,0,0,0,0 
     3 4:endothel 4:endothel       0,0,0,*1,0,0,0,0,0,0,0,0 
     4 6:endothel 4:endothel   +   0,0,0,*1,0,0,0,0,0,0,0,0 
     5 5:endothel 5:endothel       0,0,0,0.25,*0.5,0.25,0,0,0,0,0,0 
     6 5:endothel 6:endothel   +   0,0,0,0,0.333,*0.667,0,0,0,0,0,0 
     7 4:endothel 4:endothel       0,0,0,*1,0,0,0,0,0,0,0,0 
     8 6:endothel 6:endothel       0,0,0,0,0.333,*0.667,0,0,0,0,0,0 
     9 2:colon24h 10:pancrea   +   0,0,0,0,0,0,0,0,0,*1,0,0 
    10 1:colon4hr 3:colon24h   +   0,0,*1,0,0,0,0,0,0,0,0,0 
    11 1:colon4hr 1:colon4hr       *0.5,0,0,0,0,0,0,0,0,0,0,0.5 
    12 3:colon24h 2:colon24h   +   0.25,*0.5,0,0,0,0,0,0,0,0,0.25,0 
    13 3:colon24h 3:colon24h       0,0,*1,0,0,0,0,0,0,0,0,0 
    14 11:pancrea 2:colon24h   +   0.25,*0.5,0,0,0,0,0,0,0,0,0.25,0 
    15 11:pancrea 2:colon24h   +   0.25,*0.5,0,0,0,0,0,0,0,0,0.25,0 
    16 10:pancrea 12:pancrea   +   0.167,0,0,0,0,0,0,0,0,0.167,0.167,*0.5 
    17 12:pancrea 1:colon4hr   +   *0.5,0,0,0,0,0,0,0,0,0,0,0.5 
    18 2:colon24h 3:colon24h   +   0,0,*1,0,0,0,0,0,0,0,0,0 
    19 1:colon4hr 12:pancrea   +   0.167,0,0,0,0,0,0,0,0,0.167,0.167,*0.5 
    20 1:colon4hr 2:colon24h   +   0.25,*0.5,0,0,0,0,0,0,0,0,0.25,0 
    21 3:colon24h 3:colon24h       0,0,*1,0,0,0,0,0,0,0,0,0 
    22 3:colon24h 2:colon24h   +   0,*1,0,0,0,0,0,0,0,0,0,0 
    23 11:pancrea 1:colon4hr   +   *0.5,0,0,0,0,0,0,0,0,0,0,0.5 
    24 11:pancrea 12:pancrea   +   0.167,0,0,0,0,0,0,0,0,0.167,0.167,*0.5 
    25 10:pancrea 12:pancrea   +   0.167,0,0,0,0,0,0,0,0,0.167,0.167,*0.5 
    26 12:pancrea 8:lung24hr   +   0,0.2,0,0,0,0,0.2,*0.4,0.2,0,0,0 
    27 8:lung24hr 8:lung24hr       0,0.2,0,0,0,0,0.2,*0.4,0.2,0,0,0 
    28 7:lung4hrI 8:lung24hr   +   0,0.2,0,0,0,0,0.2,*0.4,0.2,0,0,0 
    29 7:lung4hrI 8:lung24hr   +   0,0.2,0,0,0,0,0.2,*0.4,0.2,0,0,0 
    30 9:lung24hr 8:lung24hr   +   0,0.2,0,0,0,0,0.2,*0.4,0.2,0,0,0 
    31 9:lung24hr 8:lung24hr   +   0,0.2,0,0,0,0,0.2,*0.4,0.2,0,0,0 
    32 2:colon24h 12:pancrea   +   0.167,0,0,0,0,0,0,0,0,0.167,0.167,*0.5 
    33 2:colon24h 3:colon24h   +   0,0,*1,0,0,0,0,0,0,0,0,0 
    34 1:colon4hr 2:colon24h   +   0.25,*0.5,0,0,0,0,0,0,0,0,0.25,0 
    35 3:colon24h 2:colon24h   +   0.25,*0.5,0,0,0,0,0,0,0,0,0.25,0 
    36 11:pancrea 11:pancrea       0,0,0,0,0,0,0,0,0,0.25,*0.5,0.25 
    37 10:pancrea 11:pancrea   +   0,0,0,0,0,0,0,0,0,0.25,*0.5,0.25 
    38 10:pancrea 11:pancrea   +   0,0,0,0,0,0,0,0,0,0.25,*0.5,0.25 
    39 12:pancrea 11:pancrea   +   0,0,0,0,0,0,0,0,0,0.25,*0.5,0.25 
    40 12:pancrea 11:pancrea   +   0,0,0,0,0,0,0,0,0,0.25,*0.5,0.25 
    41 5:endothel 5:endothel       0,0,0,0.25,*0.5,0.25,0,0,0,0,0,0 
    42 4:endothel 5:endothel   +   0,0,0,0.25,*0.5,0.25,0,0,0,0,0,0 
    43 4:endothel 5:endothel   +   0,0,0,0.25,*0.5,0.25,0,0,0,0,0,0 
    44 6:endothel 5:endothel   +   0,0,0,0.25,*0.5,0.25,0,0,0,0,0,0 
    45 6:endothel 5:endothel   +   0,0,0,0.25,*0.5,0.25,0,0,0,0,0,0